0.169319 1.143523
0.197574 1.119408
0.251249 1.150875
0.272248 1.107448
0.355704 1.160454
0.385815 1.143755
0.411712 1.233087
0.424032 1.208140
0.518729 1.102448
0.597429 1.109455
0.653356 1.205036
0.656168 1.169998
0.707918 1.161976
0.921343 1.064246
0.995103 1.139332
1.164066 1.168047
1.237386 1.150231
1.264971 1.086655
1.673376 1.177253
1.775850 1.172375
1.787757 1.133875
1.829462 1.179985
1.856165 1.156761
1.976537 1.109830
2.013431 1.080998
2.079581 1.135910
2.333888 1.116615
2.340392 1.134897
2.389247 1.158661
2.409946 1.135110
2.721587 1.159476
3.018220 1.059137
3.066264 1.125521
3.255567 1.175282
3.316292 1.182369
3.372973 1.153765
3.420436 1.089705
3.442426 1.202952
3.480180 1.197074
3.484810 1.185569
3.505809 1.113092
3.511698 1.092270
3.591125 1.159260
3.613761 1.077487
3.690593 1.094472
3.771239 1.183855
3.861335 1.132221
3.864659 1.150899
3.873748 1.125455
3.910006 1.110056
4.041156 1.176335
4.078824 1.145617
4.123329 1.090871
4.131221 1.131901
4.216034 1.085583
4.244001 1.204389
4.338069 1.141132
4.501930 1.112254
4.527481 1.176283
4.601597 1.133966
4.654029 1.154944
4.744720 1.137256
4.779487 1.097637
4.950402 1.092605
4.987945 1.082221
4.994686 1.174620
5.082486 1.100791
5.154469 1.147997
5.185729 1.183896
5.532317 1.174834
5.703218 1.115297
5.705975 1.129217
5.718102 1.219382
5.721191 1.133280
5.738164 1.214359
5.892906 1.164078
5.916872 1.128838
6.106347 1.053868
6.199128 1.217084
6.238500 1.119873
6.243964 1.116986
6.362700 1.125210
6.412694 1.126497
6.568372 1.150602
6.597317 1.141817
6.609787 1.107683
6.622045 1.091115
6.701676 1.112232
6.778031 1.119429
7.167062 1.181974
7.196948 1.120502
7.204072 1.098211
7.347710 1.107525
7.514709 1.087981
7.578829 1.121267
7.614912 1.104794
7.633366 1.036769
7.708275 1.187684
7.839226 1.187542
7.925633 1.160866
8.050397 1.109574
8.055730 1.149538
8.089139 1.173036
8.095193 1.208784
8.137756 1.154295
8.238033 1.135920
8.340358 1.190207
8.391541 1.166414
8.429054 1.139029
8.492324 1.192414
8.526879 1.111597
8.616616 1.149610
8.639728 1.113101
8.664514 1.157420
8.759200 1.163413
8.799795 1.137202
8.824762 1.156041
8.932919 1.096474
8.935911 1.132199
9.096470 1.152126
9.120561 1.194436
9.169509 1.148543
9.187941 1.153442
9.277572 1.188160
9.387711 1.156604
9.406515 1.119282
9.428890 1.119715
9.478336 1.134767
9.514550 1.147697
9.733026 1.123685
9.799469 1.126421
9.833567 1.200154
9.943479 1.194407
10.095035 1.087952
10.110906 1.099508
10.237370 1.169293
10.255903 1.179469
10.294432 1.210944
10.571238 1.125827
10.621590 1.152326
10.675722 1.133620
10.950586 1.179080
11.006731 1.184906
11.016776 1.146741
11.191712 1.226659
11.313220 1.108065
11.352978 1.156562
11.378736 1.155686
11.437255 1.118657
11.484604 1.153053
11.487219 1.169841
11.538622 1.129967
11.560803 1.153265
11.618768 1.168490
11.765781 1.143422
11.865714 1.115124
11.873407 1.072649
11.877112 1.157586
11.910280 1.211238
11.928590 1.179328
12.133511 1.122872
12.136000 1.102158
12.228123 1.136070
12.254738 1.072347
12.272140 1.205568
12.336677 1.086643
12.356597 1.179725
12.451947 1.164639
12.470289 1.110737
12.770806 1.123893
12.823811 1.130812
12.829474 1.110355
12.858887 1.119769
12.902600 1.194828
13.024119 1.189023
13.052947 1.108499
13.062944 1.190355
13.089085 1.161197
13.209817 1.191103
13.274182 1.074353
13.448167 1.212033
13.556227 1.229851
13.766574 1.168276
13.811370 1.146877
13.904970 1.129394
13.947330 1.136417
14.038150 1.111254
14.092706 1.179729
14.100813 1.096471
14.237516 1.102641
14.247733 1.135807
14.396049 1.144073
14.759970 1.165754
14.987989 1.015646
15.016789 1.154754
15.315470 1.150433
15.351966 1.135271
15.369486 1.172965
15.381982 1.145196
15.389190 1.118381
15.394819 1.188560
15.461529 1.178608
15.479474 1.102541
15.553608 1.064595
15.617526 1.175217
15.649401 1.150354
15.842374 1.117933
15.856665 1.087032
16.013801 1.244085
16.025668 1.155198
16.071414 1.172715
16.243605 1.102714
16.454717 1.137097
16.528667 1.130710
16.669395 1.137376
16.898877 1.160800
17.033659 1.122285
17.221527 1.147804
17.310285 1.131704
17.326480 1.192192
17.349384 1.057416
17.379815 1.118867
17.463669 1.209323
17.498373 1.193735
17.564647 1.210605
17.594047 1.125428
17.607475 1.130339
17.710443 1.092570
17.811411 1.119727
17.856656 1.121934
18.033586 1.076368
18.078394 1.136237
18.155382 1.112763
18.191977 1.087811
18.252639 1.106888
18.264072 1.107481
18.347320 1.151379
18.428623 1.130076
18.451025 1.130604
18.467982 1.212792
